%YAML:1.0
---
camera_shape: !!opencv-matrix
   rows: 2
   cols: 1
   dt: d
   data: [ 720., 480. ]
camera_matrix: !!opencv-matrix
   rows: 3
   cols: 3
   dt: d
   data: [ 9.1036832413573018e+02, 0., 3.0635301679667549e+02, 0.,
       8.5101111954281077e+02, 3.0053519667129308e+02, 0., 0., 1. ]
distortion_coefficients : !!opencv-matrix
   rows: 1
   cols: 5
   dt: d
   data: [ -7.9007279840352707e-01, 3.2630367463970602e+00,
       -9.5373006587551934e-02, -3.9517451748081814e-03,
       -1.0088663072701722e+01 ]
