%YAML:1.0
---
camera_matrix: !!opencv-matrix
   rows: 3
   cols: 3
   dt: d
   data: [ 4.0120343331978432e+02, 0., 3.7318841953706095e+02, 0.,
       3.9714953154457021e+02, 2.5091035370786565e+02, 0., 0., 1. ]
dist_coeff: !!opencv-matrix
   rows: 1
   cols: 5
   dt: d
   data: [ -2.3552763095746534e-01, 4.6622448948117068e+00,
       -2.3856720365476756e-03, 1.5504029293267492e-04,
       -2.5853960530053467e+01 ]
